0.00436136806820135
0.00586966304801555
0.00742468289397792
0.00891365797666398
0.0102066174085973
0.0112207598055796
0.0119427294962461
0.0124246860633378
0.0127565754445684
0.0130296306990994
0.0133109089689802
0.0136417184655596
0.0140579958151015
0.0146172949111115
0.0154134233284346
0.0165677499575597
0.018200191887884
0.0203941809123287
0.0231727545950185
0.0264973977657847
0.0302914219331721
0.0344795256662321
0.039026836516051
0.0439560330346734
0.04932378091163
0.0551516693867476
0.0613308580386449
0.0675431589554318
0.0732479216962163
0.0777630817089754
0.0804258543147683
0.0807762831872975
0.0786909319552483
0.0744154470295601
0.0684912932372023
0.0616163863219921
0.0544978981468637
0.0477428368369101
0.0418017847945966
0.0369541296507086
0.0333128492038673
0.030833593796281
0.029326898175501
0.0284829329836286
0.0279192963384037
0.0272543033056545
0.0261957133146108
0.0246240105779644
0.0226455103883056
0.020596078591962
0.0189893278321094
0.0184185730014254
0.0194339545900672
0.0224222239052464
0.0275175929300404
0.0345696198649621
0.0431877317126698
0.0528682951556302
0.0631869031541111
0.0740098576960193
0.0856565859599326
0.098943564222267
0.115068425391581
0.135344675246799
0.160853522817372
0.192115413959148
0.228883373858911
0.270123525968006
0.314191689059214
0.359161057714009
0.403219758428902
0.445040985637721
0.484028514796564
0.52035767577035
0.554775428293912
0.588198078477061
0.621234363444451
0.653821856706888
0.685148497191046
0.71392398065063
0.738908647798838
0.759481089635638
0.776001970470963
0.789825638541786
0.802969722789499
0.817589469807947
0.835453659959996
0.857576353953755
0.884068571449978
0.914193678691197
0.946571112030847
0.979469693178114
1.01113998678011
1.04013745927136
1.06558526308853
1.08732831990251
1.10594607121818
1.12261675357029
1.13885355764738
1.15615810717157
1.17565911823469
1.19782114286397
1.222309417306
1.24806837658422
1.27361007643517
1.29743253047273
1.31843232122802
1.33617417827848
1.35094046363031
1.36357845672788
1.37524370758359
1.38716089313063
1.40047953639017
1.41621967592108
1.43523328378296
1.45809423010248
1.48488268565491
1.51491864516247
1.54656970021642
1.57726409278563
1.60377179528443
1.62270845930468
1.63112787605018
1.62704325150184
1.60975997472429
1.57997684346876
1.53967342727627
1.49182684563331
1.44000371849353
1.38787780354031
1.33874080509956
1.29508754197683
1.2583433056192
1.22875534901767
1.20541554872129
1.18635444503201
1.16866942495963
1.14870749802493
1.12237154833624
1.08561245960131
1.03509465595703
0.968912829813079
0.887156562876266
0.792121774373622
0.688063425929453
0.580530879984088
0.47545784746367
0.378238553708335
0.292996575249988
0.22216891379336
0.16642971770123
0.124902201237546
0.0955677560725721
0.0757714256315798
0.0627286367365522
0.0539505558392907
0.0475253922900899
0.0422246647312199
0.0374451318556794
0.0330370809024368
0.0290920223023862
0.0257581888370801
0.0231247778051686
0.0211807888042255
0.0198279332872178
0.0189176551947563
0.0182876275556722
0.0177852085226521
0.0172768223090905
0.0166493238827537
0.0158113633737119
0.0147001611359762
0.0132934586281877
0.0116206192133625
0.00976448991526226
0.00784871395692389
0.00601228406671861
0.00437998493022382
0.00303980269620418
0.00203513883609843
0.00137299026125481
0.00104291920636325
0.00103839089768454
0.00137242830885618
0.00208237590378112
0.00322237989351591
0.00484595253625241
0.00698408660558358
0.00962627281259747
0.0127119292512683
0.0161380300599821
0.0197854665659373
0.0235622920253801
0.0274565104687706
0.0315846349353843
0.0362166578892265
0.0417575243292589
0.0486742318845757
0.0573768140348761
0.068083903014562
0.0807172536906287
0.0948647352743472
0.109828149438371
0.124742463517317
0.138732214647508
0.15106746527308
0.161291659254873
0.169304933406729
0.175389989154158
0.18016603582182
0.184461161785555
0.189113906274358
0.194746509840636
0.201577350040634
0.209338822265334
0.217333546648949
0.224610456369613
0.230199093427445
0.23332653961128
0.233560361091677
0.230858052587332
0.225536866861909
0.218192640229924
0.209591995585074
0.200550891825996
0.191807440725109
0.183903120175993
0.177097044017287
0.171340469612046
0.166326385356442
0.161606554643778
0.156747903131358
0.151490520918467
0.145869995116455
0.140270891573384
0.13538405735462
0.132054850901412
0.131040115996812
0.132734128140108
0.136956841509765
0.142896005089521
0.149248013788921
0.154527401887203
0.157447290598831
0.157245661104024
0.153855592776247
0.147876290002081
0.140367221876726
0.132535614801785
0.125407794945577
0.119570273271052
0.115044536586633
0.111325905718872
0.107575020651363
0.102906488525552
0.0966852923252279
0.088733695287556
0.0793796552246976
0.0693361620582486
0.0594657210613266
0.0505250268750417
0.0429823415794398
0.0369579952413663
0.0322812134427837
0.0286137469205836
0.0255798265717092
0.0228599759869611
0.0202359045407831
0.0175966181156744
0.0149233546398046
0.0122662255127866
0.00971769697889317
0.0073843441043355
0.00535954338630185
0.00370224982266456
0.0024269139854955
0.0015061665829087
0.00088332116541394
0.000488843537677751
0.000255006834439216
0.000125286672127879
5.79373516109108e-05
2.5206400013795e-05
1.03136097019583e-05
3.96776840947559e-06
1.43494374643592e-06
4.87770310441657e-07
1.55827137725631e-07
4.67827380394052e-08
1.31983537034208e-08
3.49888118881386e-09
8.7157131404028e-10
2.04001793495403e-10
4.48661192875465e-11
9.27160808398418e-12
1.80029707249674e-12
3.28464112950723e-13
5.63105445990829e-14
9.07097812260501e-15
1.37305095194779e-15
