0.00234831653013071
0.00380414020160404
0.00581254222661373
0.00843827116966116
0.0116629930917664
0.0153818607904618
0.0194047877398023
0.0234775393757911
0.0273206446275839
0.030680483850353
0.0333848446569312
0.0353929672419592
0.0368264435592331
0.0379642906395046
0.0391883005414739
0.0408779029119794
0.0432757470363204
0.0463664670768822
0.0498183682721042
0.0530226553157
0.0552305533548928
0.0557498087963833
0.0541368355510491
0.0503211085816427
0.0446238512939011
0.0376718165499367
0.030242440802566
0.0230953828687199
0.0168423443080058
0.0118862203556745
0.00843228181760046
0.00654959945960579
0.00624833893123314
0.00754042600369463
0.0104647285645066
0.0150770420324511
0.0214218155223411
0.0295091834656236
0.039313408764688
0.0507900889122608
0.063890153809477
0.0785431739287238
0.0945994350601642
0.111753648968066
0.129502185122319
0.147186281765663
0.164136272744631
0.179872126398428
0.194268314373808
0.207589033711614
0.220351663956395
0.233058514146951
0.245906297757127
0.258601654916987
0.270368621508519
0.280151601319231
0.286935639762615
0.290061795419586
0.289424609691035
0.285490344893501
0.279141847666504
0.271411613096706
0.263193432067982
0.255022433439952
0.246988184828115
0.238802663573963
0.229993404053717
0.220146222383846
0.209100292654116
0.197015757221864
0.184289513841416
0.171366022613092
0.158541329688627
0.145860769908172
0.133160391840279
0.12022606882397
0.106985236050071
0.0936362636043337
0.0806609110610282
0.0687271929161469
0.0585351307133309
0.0506646997703458
0.0454608535242086
0.0429610326688017
0.0428592739776305
0.0445110254002339
0.0469971241105325
0.0492628654043045
0.0503213772992119
0.0494730972329492
0.0464700736639417
0.0415636876786579
0.0354158403589115
0.0289058552899209
0.0229016190619117
0.0180677984783351
0.0147590011589563
0.0130082272000644
0.0125895953793048
0.0131195365849187
0.0141621112131437
0.0153150886843404
0.0162665746504711
0.0168224240748121
0.0169102344368166
0.0165662473298188
0.0159089039564511
0.0151006626037078
0.0143012799737088
0.0136213166143267
0.0130902476906285
0.0126535658917561
0.0122047141937411
0.0116434233400816
0.0109394356399781
0.0101767471575532
0.00956041520627208
0.00938163361279226
0.00995038292889394
0.0115135773506194
0.014179414821466
0.0178674154079372
0.0222997914610235
0.0270427697343465
0.031595254894638
0.0355081045029413
0.03850505724815
0.040572228444247
0.0419909174541051
0.0433070561849825
0.0452537610531033
0.0486622518507365
0.0544023546992836
0.0633817228612092
0.0766039030130249
0.0952492070398555
0.120716540671892
0.154567230812588
0.19835065341608
0.253352175144627
0.320353480234165
0.399499077848008
0.490309216197529
0.591794432244794
0.702562878356852
0.820814293015079
0.944190063447192
1.06955514709096
1.1928602384848
1.30922750597683
1.41332503503217
1.49998956404561
1.56497612847979
1.60568166593964
1.62169875512863
1.61508325849043
1.59025403572557
1.55348945554824
1.51205406119676
1.47307761190258
1.44239805406055
1.42363714923568
1.41776758211452
1.42332986133993
1.43727171265049
1.45616175236759
1.4773632289289
1.49973694507572
1.52361588869018
1.55010214864684
1.58003885285921
1.6131512167493
1.64775292087536
1.68112638577774
1.71036043192008
1.73323440327246
1.74876326823526
1.75722883057626
1.75978775610983
1.75792177128189
1.75299971172351
1.74607977502317
1.73789736373136
1.72887458508241
1.71901007761367
1.70763505767128
1.69316475092358
1.67304141408243
1.64401362829688
1.60275368951056
1.54665661617115
1.47457061645402
1.38722289538661
1.2872151580475
1.17861567911449
1.06630167809437
0.955257668569467
0.850001002731954
0.754212610157752
0.670550161492086
0.600562412232089
0.544631416986262
0.501929887029898
0.470450320685473
0.447192046117981
0.428557541829792
0.410924684046796
0.391271236727548
0.367680560384507
0.339579989178497
0.307648337910927
0.27344047052506
0.238867515779041
0.20570403503963
0.175257919263239
0.148256188847399
0.124911910039498
0.105084070726535
0.0884404770537977
0.0745710483115293
0.0630452846314724
0.0534366142556253
0.0453393941262926
0.0383908535034699
0.0322955305182702
0.0268432475037695
0.0219135498499314
0.0174648723767843
0.0135113267800927
0.0100927552938299
0.00724498244809652
0.00497707398480932
0.00326040949305095
0.0020306335464706
0.00119944376640175
0.000670572822591556
0.000354267287589383
0.000176636618556595
8.3034515699212e-05
3.6772538980786e-05
1.53324027498635e-05
6.01606937777989e-06
2.22061203226958e-06
7.70845858544395e-07
2.51595921586369e-07
7.7198547705041e-08
2.22653526006842e-08
6.03564522337249e-09
1.53766122237854e-09
3.68143992839466e-10
8.28282542161078e-11
1.75118365941603e-11
3.47912436452284e-12
6.49514978568266e-13
1.13943057004762e-13
1.87830769517796e-14
2.90956672329605e-15
4.23522757003466e-16
5.79318746323482e-17
7.44659387979118e-18
8.99508129576599e-19
1.0211019929455e-19
1.08933188890968e-20
1.09216947709269e-21
1.0291329745069e-22
9.11420586894787e-24
7.58660923463052e-25
5.93574629703506e-26
4.36536482979347e-27
3.01789458152675e-28
1.96132077489779e-29
1.19833772293644e-30
6.88372303439196e-32
3.71801759154412e-33
1.88832569500286e-34
9.01896865018794e-36
4.05128250911042e-37
1.71170785601365e-38
6.80329468607275e-40
2.54400845585317e-41
8.95141107742617e-43
2.96421852579128e-44
9.23966191195404e-46
2.71157301017825e-47
7.49394929823685e-49
1.95094103131614e-50
4.78584578473931e-52
1.10665526375271e-53
2.4131684512145e-55
4.96473903514946e-57
9.6424119340399e-59
1.76906781153899e-60
3.06840383460237e-62
5.03605415927371e-64
7.82982326394698e-66
1.1546728116734e-67
1.61762518313853e-69
2.15674786785157e-71
2.74257465452379e-73
3.33468829046716e-75
