 0.243355
 0.451351
 0.500131
 0.510000
 0.508364
 0.503094
 0.496846
 0.490594
 0.484701
 0.479287
 0.474372
 0.469939
 0.465954
 0.462380
 0.459181
 0.456324
 0.453779
 0.451519
 0.449522
 0.447765
 0.446230
 0.444901
 0.443763
 0.442803
 0.442008
 0.441368
 0.440872
 0.440511
 0.440276
 0.440161
 0.440157
 0.440258
 0.440457
 0.440747
 0.441125
 0.441583
 0.442116
 0.442721
 0.443392
 0.444125
 0.444914
 0.445758
 0.446650
 0.447588
 0.448567
 0.449585
 0.450637
 0.451720
 0.452832
 0.453968
 0.455126
 0.456303
 0.457495
 0.458700
 0.459916
 0.461138
 0.462366
 0.463595
 0.464824
 0.466050
 0.467271
 0.468484
 0.469687
 0.470878
 0.472054
 0.473213
 0.474353
 0.475472
 0.476568
 0.477639
 0.478682
 0.479697
 0.480680
 0.481631
 0.482548
 0.483427
 0.484269
 0.485071
 0.485831
 0.486549
 0.487222
 0.487848
 0.488427
 0.488957
 0.489436
 0.489863
 0.490237
 0.490557
 0.490820
 0.491027
 0.491176
 0.491265
 0.491294
 0.491262
 0.491168
 0.491010
 0.490788
 0.490501
 0.490148
 0.489729
 0.489243
 0.488688
 0.488066
 0.487374
 0.486612
 0.485781
 0.484879
 0.483907
 0.482863
 0.481749
 0.480563
 0.479305
 0.477975
 0.476574
 0.475101
 0.473557
 0.471941
 0.470253
 0.468495
 0.466666
 0.464766
 0.462797
 0.460758
 0.458649
 0.456472
 0.454228
 0.451916
 0.449537
 0.447092
 0.444583
 0.442009
 0.439372
 0.436672
 0.433911
 0.431090
 0.428209
 0.425271
 0.422275
 0.419224
 0.416119
 0.412960
 0.409749
 0.406488
 0.403178
 0.399820
 0.396416
 0.392968
 0.389476
 0.385943
 0.382369
 0.378757
 0.375109
 0.371425
 0.367708
 0.363958
 0.360179
 0.356371
 0.352536
 0.348677
 0.344793
 0.340889
 0.336964
 0.333021
 0.329062
 0.325088
 0.321101
 0.317102
 0.313094
 0.309079
 0.305056
 0.301030
 0.297000
 0.292970
 0.288940
 0.284911
 0.280887
 0.276867
 0.272854
 0.268850
 0.264855
 0.260871
 0.256900
 0.252943
 0.249001
 0.245077
 0.241170
 0.237283
 0.233416
 0.229571
 0.225749
 0.221952
 0.218179
 0.214433
 0.210715
 0.207025
 0.203364
 0.199734
 0.196135
 0.192568
 0.189034
 0.185533
 0.182067
 0.178636
 0.175241
 0.171883
 0.168561
 0.165277
 0.162031
 0.158824
 0.155655
 0.152527
 0.149437
 0.146388
 0.143380
 0.140412
 0.137485
 0.134599
 0.131755
 0.128952
 0.126191
 0.123471
 0.120793
 0.118157
 0.115562
 0.113010
 0.110498
 0.108029
 0.105601
 0.103214
 0.100868
 0.098564
 0.096300
 0.094077
 0.091894
 0.089751
 0.087648
 0.085584
 0.083560
 0.081574
 0.079628
 0.077719
 0.075848
 0.074015
 0.072218
 0.070459
 0.068735
 0.067047
 0.065395
 0.063778
 0.062195
 0.060646
 0.059131
 0.057649
 0.056200
 0.054783
 0.053397
 0.052043
 0.050719
 0.049426
 0.048162
 0.046928
 0.045723
 0.044545
 0.043396
 0.042274
 0.041178
 0.040109
 0.039066
 0.038048
 0.037055
 0.036087
 0.035142
 0.034221
 0.033323
 0.032447
 0.031594
 0.030762
 0.029951
 0.029161
 0.028391
 0.027641
 0.026910
 0.026198
 0.025505
 0.024830
 0.024172
 0.023532
 0.022909
 0.022302
 0.021712
 0.021137
 0.020577
 0.020033
 0.019503
 0.018988
 0.018486
 0.017998
 0.017523
 0.017062
 0.016613
 0.016176
 0.015751
 0.015338
 0.014936
 0.014545
 0.014165
 0.013796
 0.013436
 0.013087
 0.012748
 0.012418
 0.012097
 0.011785
 0.011482
 0.011187
 0.010901
 0.010622
 0.010352
 0.010089
 0.009833
 0.009585
 0.009343
 0.009109
 0.008881
 0.008659
 0.008444
 0.008235
 0.008031
 0.007834
 0.007642
 0.007455
 0.007274
 0.007097
 0.006926
 0.006760
 0.006598
 0.006441
 0.006288
 0.006140
 0.005995
 0.005855
 0.005719
 0.005586
 0.005458
 0.005333
 0.005211
 0.005093
 0.004978
 0.004866
 0.004758
 0.004652
 0.004550
 0.004450
 0.004353
 0.004259
 0.004168
 0.004079
 0.003992
 0.003908
 0.003826
 0.003747
 0.003669
 0.003594
 0.003521
 0.003450
 0.003381
 0.003313
 0.003248
 0.003184
 0.003122
 0.003062
 0.003004
 0.002947
 0.002891
 0.002837
 0.002785
 0.002734
 0.002684
 0.002636
 0.002589
 0.002543
 0.002499
 0.002456
 0.002414
 0.002373
 0.002333
 0.002294
 0.002256
 0.002219
 0.002184
 0.002149
 0.002115
 0.002082
 0.002050
 0.002019
 0.001988
 0.001959
 0.001930
 0.001902
 0.001875
 0.001848
 0.001823
 0.001798
 0.001773
 0.001749
 0.001726
 0.001704
 0.001682
 0.001660
 0.001640
 0.001620
 0.001600
 0.001581
 0.001562
 0.001544
 0.001527
 0.001510
 0.001493
 0.001477
 0.001461
 0.001446
 0.001431
 0.001417
 0.001403
 0.001389
 0.001376
 0.001363
 0.001351
 0.001339
 0.001327
 0.001316
 0.001305
 0.001294
 0.001283
 0.001273
 0.001264
 0.001254
 0.001245
 0.001236
 0.001228
 0.001220
 0.001212
 0.001204
 0.001197
 0.001189
 0.001183
 0.001176
 0.001170
 0.001163
 0.001158
 0.001152
 0.001147
 0.001141
 0.001136
 0.001132
 0.001127
 0.001123
 0.001119
 0.001115
 0.001111
 0.001108
 0.001105
 0.001102
 0.001099
 0.001096
 0.001094
 0.001092
 0.001089
 0.001088
 0.001086
 0.001084
 0.001083
 0.001082
 0.001081
 0.001080
 0.001080
 0.001079
 0.001079
 0.001079
 0.001079
 0.001080
 0.001080
 0.001081
 0.001082
 0.001083
 0.001084
 0.001085
 0.001087
 0.001089
 0.001091
 0.001093
 0.001095
 0.001097
 0.001100
 0.001103
 0.001105
 0.001109
 0.001112
 0.001115
 0.001119
