0.0050  1.1608  0.6186  0.3115  0.2304  0.0092  0.0001  0.0051  0.0034  0.0082
0.0150  2.9467  1.5782  0.7787  0.3660  0.0100  0.0001  0.0062  0.0052  0.0296
0.0250 16.2764  6.7197  3.2353  1.5367  0.0108  0.0001  0.0074  0.0079  0.0533
0.0350 21.9141 10.6315  5.0340  2.5795  0.0115  0.0001  0.0086  0.0117  0.0781
0.0450 26.5322 14.8976  8.3005  4.3131  0.0122  0.0002  0.0096  0.0164  0.1034
0.0550 22.4312 16.5298 10.1766  5.8419  0.0130  0.0003  0.0102  0.0220  0.1290
0.0650 23.4041 21.6335 15.3535  9.0495  0.0138  0.0003  0.0105  0.0281  0.1548
0.0750 17.2385 21.6533 18.2954 12.2012  0.0151  0.0004  0.0104  0.0344  0.1805
0.0850 11.0926 17.3804 16.8796 13.2536  0.0171  0.0005  0.0102  0.0404  0.2061
0.0950  4.3997  9.9136 11.9069 11.2353  0.0208  0.0007  0.0100  0.0457  0.2315
0.1050  3.3641  7.0400 11.1896 11.1366  0.0294  0.0000  0.0098  0.0500  0.2566
0.1150  1.9946  5.4621 10.1249 11.9852  0.0433  0.0000  0.0097  0.0532  0.2815
0.1250  1.3622  3.2417  8.4947 11.5891  0.0625  0.0000  0.0097  0.0555  0.3060
0.1350  0.8033  3.1159  7.1809 11.0153  0.0880  0.0000  0.0099  0.0574  0.3301
0.1450  0.2852  1.7362  4.8889  9.7402  0.1221  0.0000  0.0105  0.0594  0.3538
0.1550  0.2139  1.1766  3.7914  8.3631  0.1188  0.0000  0.0117  0.0623  0.3770
0.1650  0.0800  0.8428  2.9492  6.4631  0.1664  0.0000  0.0135  0.0663  0.3999
0.1750  0.1201  0.4134  2.2181  5.1113  0.2618  0.0000  0.0161  0.0716  0.4223
0.1850  0.1215  0.3406  1.7489  4.3903  0.5436  0.0000  0.0196  0.0776  0.4442
0.1950  0.0405  0.2920  1.3164  3.7226  1.3719  0.0000  0.0240  0.0833  0.4656
0.2050  0.0000  0.2314  0.9085  3.0552  3.6265  0.0000  0.0291  0.0873  0.4866
0.2150  0.0000  0.0356  0.6916  2.3125  5.5998  0.0000  0.0348  0.0884  0.5071
0.2250  0.0000  0.2160  0.5921  2.0402  7.3977  0.0000  0.0411  0.0858  0.5271
0.2350  0.0000  0.0360  0.4497  1.4012  8.4791  0.0000  0.0481  0.0793  0.5467
0.2450  0.0000  0.0000  0.3152  1.2104  8.7972  0.0000  0.0558  0.0695  0.5657
0.2550  0.0000  0.0426  0.1651  0.8241  8.9519  0.0287  0.0642  0.0573  0.5843
0.2650  0.0000  0.0731  0.1524  0.7998  8.8811  0.0381  0.0733  0.0442  0.6024
0.2750  0.0000  0.0000  0.1372  0.6132  9.4867  0.0539  0.0826  0.0314  0.6200
0.2850  0.0000  0.0219  0.0171  0.4283 10.5050  0.0782  0.0912  0.0202  0.6371
0.2950  0.0000  0.0219  0.0683  0.2936 11.3225  0.1096  0.0981  0.0111  0.6537
0.3050  0.0000  0.0000  0.0159  0.2044 11.4754  0.1021  0.1024  0.0047  0.6699
0.3150  0.0000  0.0000  0.0238  0.1726 10.8581  0.1607  0.1033  0.0012  0.6856
0.3250  0.0000  0.0000  0.0388  0.1579  9.8401  0.2289  0.1005  0.0005  0.7008
0.3350  0.0000  0.0000  0.0233  0.1316  8.8764  0.3080  0.0944  0.0027  0.7156
0.3450  0.0000  0.0000  0.0000  0.0449  8.3602  0.4153  0.0858  0.0081  0.7299
0.3550  0.0000  0.0000  0.0000  0.0748  9.1268  0.2778  0.0756  0.0166  0.7438
0.3650  0.0000  0.0000  0.0000  0.0000  9.0975  0.5442  0.0650  0.0285  0.7572
0.3750  0.0000  0.0000  0.0000  0.0000  8.6296  0.9594  0.0548  0.0438  0.7702
0.3850  0.0000  0.0000  0.0000  0.0000  7.5429  1.5033  0.0457  0.0626  0.7828
0.3950  0.0000  0.0000  0.0000  0.0000  5.9826  2.1015  0.0384  0.0847  0.7949
0.4050  0.0000  0.0000  0.0000  0.0000  5.2352  2.3315  0.0328  0.1102  0.8066
0.4150  0.0000  0.0000  0.0000  0.0000  3.3656  2.9504  0.0291  0.1389  0.8179
0.4250  0.0000  0.0000  0.0000  0.0000  2.1498  3.5603  0.0268  0.1707  0.8288
0.4350  0.0000  0.0000  0.0000  0.0000  1.4043  4.3707  0.0257  0.2050  0.8392
0.4450  0.0000  0.0000  0.0000  0.0000  0.8914  5.4344  0.0249  0.2407  0.8493
0.4550  0.0000  0.0000  0.0000  0.0000  0.5091  6.5746  0.0240  0.2767  0.8590
0.4650  0.0000  0.0000  0.0000  0.0000  0.2657  7.8013  0.0225  0.3116  0.8683
0.4750  0.0000  0.0000  0.0000  0.0000  0.1242  8.8934  0.0202  0.3445  0.8772
0.4850  0.0000  0.0000  0.0000  0.0000  0.0510  9.7307  0.0171  0.3750  0.8858
0.4950  0.0000  0.0000  0.0000  0.0000  0.0185 10.3221  0.0139  0.4037  0.8940
0.5050  0.0000  0.0000  0.0000  0.0000  0.1869 10.6419  0.0115  0.4315  0.9018
0.5150  0.0000  0.0000  0.0000  0.0000  0.0827 10.9736  0.0107  0.4595  0.9093
0.5250  0.0000  0.0000  0.0000  0.0000  0.0333 11.0948  0.0126  0.4880  0.9164
0.5350  0.0000  0.0000  0.0000  0.0000  0.0123 11.0010  0.0179  0.5165  0.9232
0.5450  0.0000  0.0000  0.0000  0.0000  0.0041 10.6934  0.0268  0.5434  0.9297
0.5550  0.0000  0.0000  0.0000  0.0000  0.3576  9.4647  0.0391  0.5664  0.9358
0.5650  0.0000  0.0000  0.0000  0.0000  0.2703  8.7565  0.0542  0.5834  0.9416
0.5750  0.0000  0.0000  0.0000  0.0000  0.2088  7.9386  0.0712  0.5929  0.9471
0.5850  0.0000  0.0000  0.0000  0.0000  0.1640  7.0495  0.0896  0.5946  0.9523
0.5950  0.0000  0.0000  0.0000  0.0000  0.1302  6.1305  0.1090  0.5893  0.9572
0.6050  0.0000  0.0000  0.0000  0.0000  0.1752  5.2496  0.1301  0.5788  0.9618
0.6150  0.0000  0.0000  0.0000  0.0000  0.1253  4.5173  0.1542  0.5652  0.9661
0.6250  0.0000  0.0000  0.0000  0.0000  0.0888  3.8164  0.1836  0.5505  0.9702
0.6350  0.0000  0.0000  0.0000  0.0000  0.0625  3.1670  0.2205  0.5357  0.9739
0.6450  0.0000  0.0000  0.0000  0.0000  0.0436  2.5832  0.2672  0.5210  0.9774
0.6550  0.0000  0.0000  0.0000  0.0000  0.0303  2.0732  0.3245  0.5058  0.9806
0.6650  0.0000  0.0000  0.0000  0.0000  0.0209  1.6396  0.3923  0.4891  0.9836
0.6750  0.0000  0.0000  0.0000  0.0000  0.0144  1.2801  0.4687  0.4699  0.9863
0.6850  0.0000  0.0000  0.0000  0.0000  0.0099  0.9890  0.5511  0.4479  0.9887
0.6950  0.0000  0.0000  0.0000  0.0000  0.0067  0.7582  0.6358  0.4234  0.9909
0.7050  0.0000  0.0000  0.0000  0.0000  0.0157  0.9923  0.7197  0.3972  0.9929
0.7150  0.0000  0.0000  0.0000  0.0000  0.0107  0.8336  0.8002  0.3703  0.9947
0.7250  0.0000  0.0000  0.0000  0.0000  0.0072  0.6968  0.8763  0.3433  0.9962
0.7350  0.0000  0.0000  0.0000  0.0000  0.0049  0.5794  0.9482  0.3164  0.9975
0.7450  0.0000  0.0000  0.0000  0.0000  0.0032  0.4792  1.0171  0.2892  0.9986
0.7550  0.0000  0.0000  0.0000  0.0000  0.0000  0.0000  1.0848  0.2611  0.9994
0.7650  0.0000  0.0000  0.0000  0.0000  0.0000  0.0000  1.1524  0.2321  1.0001
0.7750  0.0000  0.0000  0.0000  0.0000  0.0000  0.0000  1.2198  0.2026  1.0005
0.7850  0.0000  0.0000  0.0000  0.0000  0.0000  0.0000  1.2853  0.1736  1.0008
0.7950  0.0000  0.0000  0.0000  0.0000  0.0000  0.0000  1.3466  0.1468  1.0009
0.8050  0.0000  0.0000  0.0000  0.0000  0.0000  0.0000  1.4011  0.1238  1.0008
0.8150  0.0000  0.0000  0.0000  0.0000  0.0000  0.0000  1.4476  0.1061  1.0005
0.8250  0.0000  0.0000  0.0000  0.0000  0.0000  0.0000  1.4866  0.0944  1.0000
0.8350  0.0000  0.0000  0.0000  0.0000  0.0000  0.0000  1.5207  0.0891  0.9994
0.8450  0.0000  0.0000  0.0000  0.0000  0.0000  0.0000  1.5537  0.0894  0.9985
0.8550  0.0000  0.0000  0.0000  0.0000  0.0000  0.0000  1.5899  0.0939  0.9976
0.8650  0.0000  0.0000  0.0000  0.0000  0.0000  0.0000  1.6328  0.1004  0.9964
0.8750  0.0000  0.0000  0.0000  0.0000  0.0000  0.0000  1.6844  0.1065  0.9951
0.8850  0.0000  0.0000  0.0000  0.0000  0.0000  0.0000  1.7450  0.1097  0.9937
0.8950  0.0000  0.0000  0.0000  0.0000  0.0000  0.0000  1.8135  0.1083  0.9921
0.9050  0.0000  0.0000  0.0000  0.0000  0.0000  0.0000  1.8870  0.1016  0.9904
0.9150  0.0000  0.0000  0.0000  0.0000  0.0000  0.0000  1.9621  0.0901  0.9885
0.9250  0.0000  0.0000  0.0000  0.0000  0.0000  0.0000  2.0354  0.0755  0.9865
0.9350  0.0000  0.0000  0.0000  0.0000  0.0000  0.0000  2.1039  0.0599  0.9844
0.9450  0.0000  0.0000  0.0000  0.0000  0.0000  0.0000  2.1656  0.0453  0.9821
0.9550  0.0000  0.0000  0.0000  0.0000  0.0000  0.0000  2.2202  0.0336  0.9797
0.9650  0.0000  0.0000  0.0000  0.0000  0.0000  0.0000  2.2687  0.0256  0.9772
0.9750  0.0000  0.0000  0.0000  0.0000  0.0000  0.0000  2.3136  0.0215  0.9746
0.9850  0.0000  0.0000  0.0000  0.0000  0.0000  0.0000  2.3579  0.0207  0.9718
0.9950  0.0000  0.0000  0.0000  0.0000  0.0000  0.0000  2.4048  0.0223  0.9690
1.0050  0.0000  0.0000  0.0000  0.0000  0.0000  0.0000  2.4565  0.0252  0.9660
1.0150  0.0000  0.0000  0.0000  0.0000  0.0000  0.0000  2.5143  0.0284  0.9629
1.0250  0.0000  0.0000  0.0000  0.0000  0.0000  0.0000  2.5773  0.0312  0.9598
1.0350  0.0000  0.0000  0.0000  0.0000  0.0000  0.0000  2.6436  0.0329  0.9565
1.0450  0.0000  0.0000  0.0000  0.0000  0.0000  0.0000  2.7098  0.0335  0.9532
1.0550  0.0000  0.0000  0.0000  0.0000  0.0000  0.0000  2.7729  0.0329  0.9497
1.0650  0.0000  0.0000  0.0000  0.0000  0.0000  0.0000  2.8303  0.0315  0.9462
1.0750  0.0000  0.0000  0.0000  0.0000  0.0000  0.0000  2.8811  0.0297  0.9426
1.0850  0.0000  0.0000  0.0000  0.0000  0.0000  0.0000  2.9257  0.0278  0.9389
1.0950  0.0000  0.0000  0.0000  0.0000  0.0000  0.0000  2.9660  0.0263  0.9351
1.1050  0.0000  0.0000  0.0000  0.0000  0.0000  0.0000  3.0044  0.0252  0.9312
1.1150  0.0000  0.0000  0.0000  0.0000  0.0000  0.0000  3.0436  0.0243  0.9273
1.1250  0.0000  0.0000  0.0000  0.0000  0.0000  0.0000  3.0861  0.0234  0.9233
1.1350  0.0000  0.0000  0.0000  0.0000  0.0000  0.0000  3.1343  0.0222  0.9193
1.1450  0.0000  0.0000  0.0000  0.0000  0.0000  0.0000  3.1900  0.0205  0.9151
1.1550  0.0000  0.0000  0.0000  0.0000  0.0000  0.0000  3.2546  0.0187  0.9109
1.1650  0.0000  0.0000  0.0000  0.0000  0.0000  0.0000  3.3286  0.0173  0.9067
1.1750  0.0000  0.0000  0.0000  0.0000  0.0000  0.0000  3.4103  0.0170  0.9024
1.1850  0.0000  0.0000  0.0000  0.0000  0.0000  0.0000  3.4963  0.0136  0.8980
1.1950  0.0000  0.0000  0.0000  0.0000  0.0000  0.0000  3.5807  0.0173  0.8936
1.2050  0.0000  0.0000  0.0000  0.0000  0.0000  0.0000  3.6561  0.0236  0.8891
1.2150  0.0000  0.0000  0.0000  0.0000  0.0000  0.0000  3.7147  0.0322  0.8846
1.2250  0.0000  0.0000  0.0000  0.0000  0.0000  0.0000  3.7494  0.0426  0.8800
1.2350  0.0000  0.0000  0.0000  0.0000  0.0000  0.0000  3.7555  0.0538  0.8754
1.2450  0.0000  0.0000  0.0000  0.0000  0.0000  0.0000  3.7308  0.0646  0.8707
1.2550  0.0000  0.0000  0.0000  0.0000  0.0000  0.0000  3.6767  0.0740  0.8660
1.2650  0.0000  0.0000  0.0000  0.0000  0.0000  0.0000  3.5974  0.0814  0.8613
1.2750  0.0000  0.0000  0.0000  0.0000  0.0000  0.0000  3.4996  0.0867  0.8565
1.2850  0.0000  0.0000  0.0000  0.0000  0.0000  0.0000  3.3916  0.0905  0.8517
1.2950  0.0000  0.0000  0.0000  0.0000  0.0000  0.0000  3.2819  0.0941  0.8468
1.3050  0.0000  0.0000  0.0000  0.0000  0.0000  0.0000  3.1783  0.0993  0.8420
1.3150  0.0000  0.0000  0.0000  0.0000  0.0000  0.0000  3.0869  0.1079  0.8370
1.3250  0.0000  0.0000  0.0000  0.0000  0.0000  0.0000  3.0112  0.1220  0.8321
1.3350  0.0000  0.0000  0.0000  0.0000  0.0000  0.0000  2.9521  0.1440  0.8272
1.3450  0.0000  0.0000  0.0000  0.0000  0.0000  0.0000  2.9074  0.1762  0.8222
1.3550  0.0000  0.0000  0.0000  0.0000  0.0000  0.0000  2.8727  0.2217  0.8172
1.3650  0.0000  0.0000  0.0000  0.0000  0.0000  0.0000  2.8410  0.2838  0.8121
1.3750  0.0000  0.0000  0.0000  0.0000  0.0000  0.0000  2.8033  0.3667  0.8071
1.3850  0.0000  0.0000  0.0000  0.0000  0.0000  0.0000  2.7497  0.4741  0.8020
1.3950  0.0000  0.0000  0.0000  0.0000  0.0000  0.0000  2.6699  0.6097  0.7969
1.4050  0.0000  0.0000  0.0000  0.0000  0.0000  0.0000  2.5555  0.7755  0.7918
1.4150  0.0000  0.0000  0.0000  0.0000  0.0000  0.0000  2.4012  0.9723  0.7867
1.4250  0.0000  0.0000  0.0000  0.0000  0.0000  0.0000  2.2069  1.1992  0.7816
1.4350  0.0000  0.0000  0.0000  0.0000  0.0000  0.0000  1.9778  1.4541  0.7764
1.4450  0.0000  0.0000  0.0000  0.0000  0.0000  0.0000  1.7243  1.7339  0.7713
1.4550  0.0000  0.0000  0.0000  0.0000  0.0000  0.0000  1.4600  2.0344  0.7661
1.4650  0.0000  0.0000  0.0000  0.0000  0.0000  0.0000  1.2000  2.3499  0.7609
1.4750  0.0000  0.0000  0.0000  0.0000  0.0000  0.0000  0.9578  2.6727  0.7558
1.4850  0.0000  0.0000  0.0000  0.0000  0.0000  0.0000  0.7443  2.9926  0.7506
1.4950  0.0000  0.0000  0.0000  0.0000  0.0000  0.0000  0.5661  3.2974  0.7454
1.5050  0.0000  0.0000  0.0000  0.0000  0.0000  0.0000  0.4252  3.5733  0.7402
1.5150  0.0000  0.0000  0.0000  0.0000  0.0000  0.0000  0.3198  3.8070  0.7350
1.5250  0.0000  0.0000  0.0000  0.0000  0.0000  0.0000  0.2452  3.9869  0.7298
1.5350  0.0000  0.0000  0.0000  0.0000  0.0000  0.0000  0.1948  4.1060  0.7246
1.5450  0.0000  0.0000  0.0000  0.0000  0.0000  0.0000  0.1616  4.1624  0.7194
1.5550  0.0000  0.0000  0.0000  0.0000  0.0000  0.0000  0.1392  4.1608  0.7143
1.5650  0.0000  0.0000  0.0000  0.0000  0.0000  0.0000  0.1229  4.1119  0.7091
1.5750  0.0000  0.0000  0.0000  0.0000  0.0000  0.0000  0.1095  4.0316  0.7039
1.5850  0.0000  0.0000  0.0000  0.0000  0.0000  0.0000  0.0973  3.9384  0.6987
1.5950  0.0000  0.0000  0.0000  0.0000  0.0000  0.0000  0.0859  3.8509  0.6935
1.6050  0.0000  0.0000  0.0000  0.0000  0.0000  0.0000  0.0758  3.7844  0.6884
1.6150  0.0000  0.0000  0.0000  0.0000  0.0000  0.0000  0.0672  3.7487  0.6832
1.6250  0.0000  0.0000  0.0000  0.0000  0.0000  0.0000  0.0604  3.7468  0.6781
1.6350  0.0000  0.0000  0.0000  0.0000  0.0000  0.0000  0.0554  3.7751  0.6729
1.6450  0.0000  0.0000  0.0000  0.0000  0.0000  0.0000  0.0520  3.8258  0.6678
1.6550  0.0000  0.0000  0.0000  0.0000  0.0000  0.0000  0.0497  3.8900  0.6627
1.6650  0.0000  0.0000  0.0000  0.0000  0.0000  0.0000  0.0482  3.9608  0.6576
1.6750  0.0000  0.0000  0.0000  0.0000  0.0000  0.0000  0.0471  4.0352  0.6525
1.6850  0.0000  0.0000  0.0000  0.0000  0.0000  0.0000  0.0459  4.1140  0.6474
1.6950  0.0000  0.0000  0.0000  0.0000  0.0000  0.0000  0.0443  4.2004  0.6423
1.7050  0.0000  0.0000  0.0000  0.0000  0.0000  0.0000  0.0422  4.2966  0.6372
1.7150  0.0000  0.0000  0.0000  0.0000  0.0000  0.0000  0.0393  4.4021  0.6322
1.7250  0.0000  0.0000  0.0000  0.0000  0.0000  0.0000  0.0356  4.5123  0.6272
1.7350  0.0000  0.0000  0.0000  0.0000  0.0000  0.0000  0.0311  4.6198  0.6221
1.7450  0.0000  0.0000  0.0000  0.0000  0.0000  0.0000  0.0260  4.7165  0.6171
1.7550  0.0000  0.0000  0.0000  0.0000  0.0000  0.0000  0.0208  4.7961  0.6122
1.7650  0.0000  0.0000  0.0000  0.0000  0.0000  0.0000  0.0157  4.8558  0.6072
1.7750  0.0000  0.0000  0.0000  0.0000  0.0000  0.0000  0.0112  4.8962  0.6023
1.7850  0.0000  0.0000  0.0000  0.0000  0.0000  0.0000  0.0074  4.9201  0.5973
1.7950  0.0000  0.0000  0.0000  0.0000  0.0000  0.0000  0.0046  4.9317  0.5924
1.8050  0.0000  0.0000  0.0000  0.0000  0.0000  0.0000  0.0028  4.9347  0.5875
1.8150  0.0000  0.0000  0.0000  0.0000  0.0000  0.0000  0.0019  4.9319  0.5826
1.8250  0.0000  0.0000  0.0000  0.0000  0.0000  0.0000  0.0019  4.9254  0.5778
1.8350  0.0000  0.0000  0.0000  0.0000  0.0000  0.0000  0.0029  4.9164  0.5730
1.8450  0.0000  0.0000  0.0000  0.0000  0.0000  0.0000  0.0050  4.9048  0.5681
1.8550  0.0000  0.0000  0.0000  0.0000  0.0000  0.0000  0.0083  4.8887  0.5634
1.8650  0.0000  0.0000  0.0000  0.0000  0.0000  0.0000  0.0131  4.8635  0.5586
1.8750  0.0000  0.0000  0.0000  0.0000  0.0000  0.0000  0.0195  4.8217  0.5538
1.8850  0.0000  0.0000  0.0000  0.0000  0.0000  0.0000  0.0273  4.7538  0.5491
1.8950  0.0000  0.0000  0.0000  0.0000  0.0000  0.0000  0.0365  4.6499  0.5444
1.9050  0.0000  0.0000  0.0000  0.0000  0.0000  0.0000  0.0467  4.5019  0.5397
1.9150  0.0000  0.0000  0.0000  0.0000  0.0000  0.0000  0.0577  4.3062  0.5351
1.9250  0.0000  0.0000  0.0000  0.0000  0.0000  0.0000  0.0692  4.0644  0.5304
1.9350  0.0000  0.0000  0.0000  0.0000  0.0000  0.0000  0.0810  3.7838  0.5258
1.9450  0.0000  0.0000  0.0000  0.0000  0.0000  0.0000  0.0937  3.4758  0.5212
1.9550  0.0000  0.0000  0.0000  0.0000  0.0000  0.0000  0.1079  3.1548  0.5167
1.9650  0.0000  0.0000  0.0000  0.0000  0.0000  0.0000  0.1249  2.8354  0.5121
1.9750  0.0000  0.0000  0.0000  0.0000  0.0000  0.0000  0.1463  2.5312  0.5076
1.9850  0.0000  0.0000  0.0000  0.0000  0.0000  0.0000  0.1731  2.2532  0.5031
1.9950  0.0000  0.0000  0.0000  0.0000  0.0000  0.0000  0.2062  2.0097  0.4986
2.0050  0.0000  0.0000  0.0000  0.0000  0.0000  0.0000  0.2454  1.8057  0.4942
2.0150  0.0000  0.0000  0.0000  0.0000  0.0000  0.0000  0.2895  1.6427  0.4898
2.0250  0.0000  0.0000  0.0000  0.0000  0.0000  0.0000  0.3364  1.5188  0.4854
2.0350  0.0000  0.0000  0.0000  0.0000  0.0000  0.0000  0.3834  1.4280  0.4810
2.0450  0.0000  0.0000  0.0000  0.0000  0.0000  0.0000  0.4278  1.3617  0.4767
2.0550  0.0000  0.0000  0.0000  0.0000  0.0000  0.0000  0.4674  1.3091  0.4724
2.0650  0.0000  0.0000  0.0000  0.0000  0.0000  0.0000  0.5007  1.2592  0.4681
2.0750  0.0000  0.0000  0.0000  0.0000  0.0000  0.0000  0.5272  1.2027  0.4638
2.0850  0.0000  0.0000  0.0000  0.0000  0.0000  0.0000  0.5479  1.1338  0.4596
2.0950  0.0000  0.0000  0.0000  0.0000  0.0000  0.0000  0.5646  1.0504  0.4554
2.1050  0.0000  0.0000  0.0000  0.0000  0.0000  0.0000  0.5799  0.9546  0.4512
2.1150  0.0000  0.0000  0.0000  0.0000  0.0000  0.0000  0.5964  0.8511  0.4470
2.1250  0.0000  0.0000  0.0000  0.0000  0.0000  0.0000  0.6161  0.7457  0.4429
2.1350  0.0000  0.0000  0.0000  0.0000  0.0000  0.0000  0.6397  0.6442  0.4388
2.1450  0.0000  0.0000  0.0000  0.0000  0.0000  0.0000  0.6664  0.5505  0.4347
2.1550  0.0000  0.0000  0.0000  0.0000  0.0000  0.0000  0.6940  0.4671  0.4307
2.1650  0.0000  0.0000  0.0000  0.0000  0.0000  0.0000  0.7195  0.3948  0.4266
2.1750  0.0000  0.0000  0.0000  0.0000  0.0000  0.0000  0.7397  0.3331  0.4227
2.1850  0.0000  0.0000  0.0000  0.0000  0.0000  0.0000  0.7520  0.2812  0.4187
2.1950  0.0000  0.0000  0.0000  0.0000  0.0000  0.0000  0.7551  0.2378  0.4147
2.2050  0.0000  0.0000  0.0000  0.0000  0.0000  0.0000  0.7486  0.2017  0.4108
2.2150  0.0000  0.0000  0.0000  0.0000  0.0000  0.0000  0.7336  0.1715  0.4069
2.2250  0.0000  0.0000  0.0000  0.0000  0.0000  0.0000  0.7118  0.1459  0.4031
2.2350  0.0000  0.0000  0.0000  0.0000  0.0000  0.0000  0.6858  0.1239  0.3992
2.2450  0.0000  0.0000  0.0000  0.0000  0.0000  0.0000  0.6582  0.1046  0.3954
2.2550  0.0000  0.0000  0.0000  0.0000  0.0000  0.0000  0.6314  0.0872  0.3917
2.2650  0.0000  0.0000  0.0000  0.0000  0.0000  0.0000  0.6072  0.0714  0.3879
2.2750  0.0000  0.0000  0.0000  0.0000  0.0000  0.0000  0.5864  0.0571  0.3842
2.2850  0.0000  0.0000  0.0000  0.0000  0.0000  0.0000  0.5691  0.0443  0.3805
2.2950  0.0000  0.0000  0.0000  0.0000  0.0000  0.0000  0.5540  0.0332  0.3768
2.3050  0.0000  0.0000  0.0000  0.0000  0.0000  0.0000  0.5399  0.0239  0.3732
2.3150  0.0000  0.0000  0.0000  0.0000  0.0000  0.0000  0.5252  0.0165  0.3696
2.3250  0.0000  0.0000  0.0000  0.0000  0.0000  0.0000  0.5091  0.0108  0.3660
2.3350  0.0000  0.0000  0.0000  0.0000  0.0000  0.0000  0.4916  0.0068  0.3624
2.3450  0.0000  0.0000  0.0000  0.0000  0.0000  0.0000  0.4741  0.0040  0.3589
2.3550  0.0000  0.0000  0.0000  0.0000  0.0000  0.0000  0.4590  0.0022  0.3554
2.3650  0.0000  0.0000  0.0000  0.0000  0.0000  0.0000  0.4490  0.0012  0.3519
2.3750  0.0000  0.0000  0.0000  0.0000  0.0000  0.0000  0.4468  0.0006  0.3484
2.3850  0.0000  0.0000  0.0000  0.0000  0.0000  0.0000  0.4539  0.0003  0.3450
2.3950  0.0000  0.0000  0.0000  0.0000  0.0000  0.0000  0.4697  0.0001  0.3416
2.4050  0.0000  0.0000  0.0000  0.0000  0.0000  0.0000  0.4915  0.0001  0.3382
2.4150  0.0000  0.0000  0.0000  0.0000  0.0000  0.0000  0.5148  0.0000  0.3349
2.4250  0.0000  0.0000  0.0000  0.0000  0.0000  0.0000  0.5345  0.0000  0.3315
2.4350  0.0000  0.0000  0.0000  0.0000  0.0000  0.0000  0.5462  0.0000  0.3282
2.4450  0.0000  0.0000  0.0000  0.0000  0.0000  0.0000  0.5470  0.0000  0.3250
2.4550  0.0000  0.0000  0.0000  0.0000  0.0000  0.0000  0.5367  0.0000  0.3217
2.4650  0.0000  0.0000  0.0000  0.0000  0.0000  0.0000  0.5173  0.0000  0.3185
2.4750  0.0000  0.0000  0.0000  0.0000  0.0000  0.0000  0.4924  0.0000  0.3153
2.4850  0.0000  0.0000  0.0000  0.0000  0.0000  0.0000  0.4663  0.0000  0.3122
2.4950  0.0000  0.0000  0.0000  0.0000  0.0000  0.0000  0.4424  0.0000  0.3090
2.5050  0.0000  0.0000  0.0000  0.0000  0.0000  0.0000  0.4230  0.0000  0.3059
2.5150  0.0000  0.0000  0.0000  0.0000  0.0000  0.0000  0.4081  0.0000  0.3028
2.5250  0.0000  0.0000  0.0000  0.0000  0.0000  0.0000  0.3960  0.0000  0.2998
2.5350  0.0000  0.0000  0.0000  0.0000  0.0000  0.0000  0.3838  0.0000  0.2967
2.5450  0.0000  0.0000  0.0000  0.0000  0.0000  0.0000  0.3681  0.0000  0.2937
2.5550  0.0000  0.0000  0.0000  0.0000  0.0000  0.0000  0.3468  0.0000  0.2907
2.5650  0.0000  0.0000  0.0000  0.0000  0.0000  0.0000  0.3192  0.0000  0.2878
2.5750  0.0000  0.0000  0.0000  0.0000  0.0000  0.0000  0.2863  0.0000  0.2848
2.5850  0.0000  0.0000  0.0000  0.0000  0.0000  0.0000  0.2508  0.0000  0.2819
2.5950  0.0000  0.0000  0.0000  0.0000  0.0000  0.0000  0.2156  0.0000  0.2790
2.6050  0.0000  0.0000  0.0000  0.0000  0.0000  0.0000  0.1837  0.0000  0.2762
2.6150  0.0000  0.0000  0.0000  0.0000  0.0000  0.0000  0.1567  0.0000  0.2733
2.6250  0.0000  0.0000  0.0000  0.0000  0.0000  0.0000  0.1351  0.0000  0.2705
2.6350  0.0000  0.0000  0.0000  0.0000  0.0000  0.0000  0.1183  0.0000  0.2677
2.6450  0.0000  0.0000  0.0000  0.0000  0.0000  0.0000  0.1052  0.0000  0.2650
2.6550  0.0000  0.0000  0.0000  0.0000  0.0000  0.0000  0.0943  0.0000  0.2622
2.6650  0.0000  0.0000  0.0000  0.0000  0.0000  0.0000  0.0845  0.0000  0.2595
2.6750  0.0000  0.0000  0.0000  0.0000  0.0000  0.0000  0.0750  0.0000  0.2568
2.6850  0.0000  0.0000  0.0000  0.0000  0.0000  0.0000  0.0654  0.0000  0.2542
2.6950  0.0000  0.0000  0.0000  0.0000  0.0000  0.0000  0.0556  0.0000  0.2515
2.7050  0.0000  0.0000  0.0000  0.0000  0.0000  0.0000  0.0458  0.0000  0.2489
2.7150  0.0000  0.0000  0.0000  0.0000  0.0000  0.0000  0.0364  0.0000  0.2463
2.7250  0.0000  0.0000  0.0000  0.0000  0.0000  0.0000  0.0277  0.0000  0.2437
2.7350  0.0000  0.0000  0.0000  0.0000  0.0000  0.0000  0.0202  0.0000  0.2412
2.7450  0.0000  0.0000  0.0000  0.0000  0.0000  0.0000  0.0140  0.0000  0.2386
2.7550  0.0000  0.0000  0.0000  0.0000  0.0000  0.0000  0.0092  0.0000  0.2361
2.7650  0.0000  0.0000  0.0000  0.0000  0.0000  0.0000  0.0057  0.0000  0.2336
2.7750  0.0000  0.0000  0.0000  0.0000  0.0000  0.0000  0.0034  0.0000  0.2312
2.7850  0.0000  0.0000  0.0000  0.0000  0.0000  0.0000  0.0019  0.0000  0.2287
2.7950  0.0000  0.0000  0.0000  0.0000  0.0000  0.0000  0.0010  0.0000  0.2263
2.8050  0.0000  0.0000  0.0000  0.0000  0.0000  0.0000  0.0005  0.0000  0.2239
2.8150  0.0000  0.0000  0.0000  0.0000  0.0000  0.0000  0.0002  0.0000  0.2216
2.8250  0.0000  0.0000  0.0000  0.0000  0.0000  0.0000  0.0001  0.0000  0.2192
2.8350  0.0000  0.0000  0.0000  0.0000  0.0000  0.0000  0.0000  0.0000  0.2169
2.8450  0.0000  0.0000  0.0000  0.0000  0.0000  0.0000  0.0000  0.0000  0.2146
2.8550  0.0000  0.0000  0.0000  0.0000  0.0000  0.0000  0.0000  0.0000  0.2123
2.8650  0.0000  0.0000  0.0000  0.0000  0.0000  0.0000  0.0000  0.0000  0.2100
2.8750  0.0000  0.0000  0.0000  0.0000  0.0000  0.0000  0.0000  0.0000  0.2078
2.8850  0.0000  0.0000  0.0000  0.0000  0.0000  0.0000  0.0000  0.0000  0.2056
2.8950  0.0000  0.0000  0.0000  0.0000  0.0000  0.0000  0.0000  0.0000  0.2034
2.9050  0.0000  0.0000  0.0000  0.0000  0.0000  0.0000  0.0000  0.0000  0.2012
2.9150  0.0000  0.0000  0.0000  0.0000  0.0000  0.0000  0.0000  0.0000  0.1990
2.9250  0.0000  0.0000  0.0000  0.0000  0.0000  0.0000  0.0000  0.0000  0.1969
2.9350  0.0000  0.0000  0.0000  0.0000  0.0000  0.0000  0.0000  0.0000  0.1948
2.9450  0.0000  0.0000  0.0000  0.0000  0.0000  0.0000  0.0000  0.0000  0.1927
2.9550  0.0000  0.0000  0.0000  0.0000  0.0000  0.0000  0.0000  0.0000  0.1906
2.9650  0.0000  0.0000  0.0000  0.0000  0.0000  0.0000  0.0000  0.0000  0.1885
2.9750  0.0000  0.0000  0.0000  0.0000  0.0000  0.0000  0.0000  0.0000  0.1865
2.9850  0.0000  0.0000  0.0000  0.0000  0.0000  0.0000  0.0000  0.0000  0.1845
2.9950  0.0000  0.0000  0.0000  0.0000  0.0000  0.0000  0.0000  0.0000  0.1825
3.0050  0.0000  0.0000  0.0000  0.0000  0.0000  0.0000  0.0000  0.0000  0.1805
3.0150  0.0000  0.0000  0.0000  0.0000  0.0000  0.0000  0.0000  0.0000  0.1785
3.0250  0.0000  0.0000  0.0000  0.0000  0.0000  0.0000  0.0000  0.0000  0.1766
3.0350  0.0000  0.0000  0.0000  0.0000  0.0000  0.0000  0.0000  0.0000  0.1747
3.0450  0.0000  0.0000  0.0000  0.0000  0.0000  0.0000  0.0000  0.0000  0.1728
3.0550  0.0000  0.0000  0.0000  0.0000  0.0000  0.0000  0.0000  0.0000  0.1709
3.0650  0.0000  0.0000  0.0000  0.0000  0.0000  0.0000  0.0000  0.0000  0.1690
3.0750  0.0000  0.0000  0.0000  0.0000  0.0000  0.0000  0.0000  0.0000  0.1672
3.0850  0.0000  0.0000  0.0000  0.0000  0.0000  0.0000  0.0000  0.0000  0.1653
3.0950  0.0000  0.0000  0.0000  0.0000  0.0000  0.0000  0.0000  0.0000  0.1635
3.1050  0.0000  0.0000  0.0000  0.0000  0.0000  0.0000  0.0000  0.0000  0.1617
3.1150  0.0000  0.0000  0.0000  0.0000  0.0000  0.0000  0.0000  0.0000  0.1600
3.1250  0.0000  0.0000  0.0000  0.0000  0.0000  0.0000  0.0000  0.0000  0.1582
3.1350  0.0000  0.0000  0.0000  0.0000  0.0000  0.0000  0.0000  0.0000  0.1564
3.1450  0.0000  0.0000  0.0000  0.0000  0.0000  0.0000  0.0000  0.0000  0.1547
3.1550  0.0000  0.0000  0.0000  0.0000  0.0000  0.0000  0.0000  0.0000  0.1530
3.1650  0.0000  0.0000  0.0000  0.0000  0.0000  0.0000  0.0000  0.0000  0.1513
3.1750  0.0000  0.0000  0.0000  0.0000  0.0000  0.0000  0.0000  0.0000  0.1497
3.1850  0.0000  0.0000  0.0000  0.0000  0.0000  0.0000  0.0000  0.0000  0.1480
3.1950  0.0000  0.0000  0.0000  0.0000  0.0000  0.0000  0.0000  0.0000  0.1464
3.2050  0.0000  0.0000  0.0000  0.0000  0.0000  0.0000  0.0000  0.0000  0.1447
3.2150  0.0000  0.0000  0.0000  0.0000  0.0000  0.0000  0.0000  0.0000  0.1431
3.2250  0.0000  0.0000  0.0000  0.0000  0.0000  0.0000  0.0000  0.0000  0.1415
3.2350  0.0000  0.0000  0.0000  0.0000  0.0000  0.0000  0.0000  0.0000  0.1400
3.2450  0.0000  0.0000  0.0000  0.0000  0.0000  0.0000  0.0000  0.0000  0.1384
3.2550  0.0000  0.0000  0.0000  0.0000  0.0000  0.0000  0.0000  0.0000  0.1369
3.2650  0.0000  0.0000  0.0000  0.0000  0.0000  0.0000  0.0000  0.0000  0.1353
3.2750  0.0000  0.0000  0.0000  0.0000  0.0000  0.0000  0.0000  0.0000  0.1338
3.2850  0.0000  0.0000  0.0000  0.0000  0.0000  0.0000  0.0000  0.0000  0.1323
3.2950  0.0000  0.0000  0.0000  0.0000  0.0000  0.0000  0.0000  0.0000  0.1308
3.3050  0.0000  0.0000  0.0000  0.0000  0.0000  0.0000  0.0000  0.0000  0.1294
3.3150  0.0000  0.0000  0.0000  0.0000  0.0000  0.0000  0.0000  0.0000  0.1279
3.3250  0.0000  0.0000  0.0000  0.0000  0.0000  0.0000  0.0000  0.0000  0.1265
3.3350  0.0000  0.0000  0.0000  0.0000  0.0000  0.0000  0.0000  0.0000  0.1251
3.3450  0.0000  0.0000  0.0000  0.0000  0.0000  0.0000  0.0000  0.0000  0.1237
3.3550  0.0000  0.0000  0.0000  0.0000  0.0000  0.0000  0.0000  0.0000  0.1223
3.3650  0.0000  0.0000  0.0000  0.0000  0.0000  0.0000  0.0000  0.0000  0.1209
3.3750  0.0000  0.0000  0.0000  0.0000  0.0000  0.0000  0.0000  0.0000  0.1195
3.3850  0.0000  0.0000  0.0000  0.0000  0.0000  0.0000  0.0000  0.0000  0.1182
3.3950  0.0000  0.0000  0.0000  0.0000  0.0000  0.0000  0.0000  0.0000  0.1168
3.4050  0.0000  0.0000  0.0000  0.0000  0.0000  0.0000  0.0000  0.0000  0.1155
3.4150  0.0000  0.0000  0.0000  0.0000  0.0000  0.0000  0.0000  0.0000  0.1142
3.4250  0.0000  0.0000  0.0000  0.0000  0.0000  0.0000  0.0000  0.0000  0.1129
3.4350  0.0000  0.0000  0.0000  0.0000  0.0000  0.0000  0.0000  0.0000  0.1116
3.4450  0.0000  0.0000  0.0000  0.0000  0.0000  0.0000  0.0000  0.0000  0.1104
3.4550  0.0000  0.0000  0.0000  0.0000  0.0000  0.0000  0.0000  0.0000  0.1091
3.4650  0.0000  0.0000  0.0000  0.0000  0.0000  0.0000  0.0000  0.0000  0.1079
3.4750  0.0000  0.0000  0.0000  0.0000  0.0000  0.0000  0.0000  0.0000  0.1066
3.4850  0.0000  0.0000  0.0000  0.0000  0.0000  0.0000  0.0000  0.0000  0.1054
3.4950  0.0000  0.0000  0.0000  0.0000  0.0000  0.0000  0.0000  0.0000  0.1042
3.5050  0.0000  0.0000  0.0000  0.0000  0.0000  0.0000  0.0000  0.0000  0.1030
3.5150  0.0000  0.0000  0.0000  0.0000  0.0000  0.0000  0.0000  0.0000  0.1019
3.5250  0.0000  0.0000  0.0000  0.0000  0.0000  0.0000  0.0000  0.0000  0.1007
3.5350  0.0000  0.0000  0.0000  0.0000  0.0000  0.0000  0.0000  0.0000  0.0995
3.5450  0.0000  0.0000  0.0000  0.0000  0.0000  0.0000  0.0000  0.0000  0.0984
3.5550  0.0000  0.0000  0.0000  0.0000  0.0000  0.0000  0.0000  0.0000  0.0973
3.5650  0.0000  0.0000  0.0000  0.0000  0.0000  0.0000  0.0000  0.0000  0.0962
3.5750  0.0000  0.0000  0.0000  0.0000  0.0000  0.0000  0.0000  0.0000  0.0951
3.5850  0.0000  0.0000  0.0000  0.0000  0.0000  0.0000  0.0000  0.0000  0.0940
3.5950  0.0000  0.0000  0.0000  0.0000  0.0000  0.0000  0.0000  0.0000  0.0929
3.6050  0.0000  0.0000  0.0000  0.0000  0.0000  0.0000  0.0000  0.0000  0.0918
3.6150  0.0000  0.0000  0.0000  0.0000  0.0000  0.0000  0.0000  0.0000  0.0908
3.6250  0.0000  0.0000  0.0000  0.0000  0.0000  0.0000  0.0000  0.0000  0.0897
3.6350  0.0000  0.0000  0.0000  0.0000  0.0000  0.0000  0.0000  0.0000  0.0887
3.6450  0.0000  0.0000  0.0000  0.0000  0.0000  0.0000  0.0000  0.0000  0.0877
3.6550  0.0000  0.0000  0.0000  0.0000  0.0000  0.0000  0.0000  0.0000  0.0867
3.6650  0.0000  0.0000  0.0000  0.0000  0.0000  0.0000  0.0000  0.0000  0.0857
3.6750  0.0000  0.0000  0.0000  0.0000  0.0000  0.0000  0.0000  0.0000  0.0847
3.6850  0.0000  0.0000  0.0000  0.0000  0.0000  0.0000  0.0000  0.0000  0.0837
3.6950  0.0000  0.0000  0.0000  0.0000  0.0000  0.0000  0.0000  0.0000  0.0827
3.7050  0.0000  0.0000  0.0000  0.0000  0.0000  0.0000  0.0000  0.0000  0.0818
3.7150  0.0000  0.0000  0.0000  0.0000  0.0000  0.0000  0.0000  0.0000  0.0808
3.7250  0.0000  0.0000  0.0000  0.0000  0.0000  0.0000  0.0000  0.0000  0.0799
3.7350  0.0000  0.0000  0.0000  0.0000  0.0000  0.0000  0.0000  0.0000  0.0789
3.7450  0.0000  0.0000  0.0000  0.0000  0.0000  0.0000  0.0000  0.0000  0.0780
3.7550  0.0000  0.0000  0.0000  0.0000  0.0000  0.0000  0.0000  0.0000  0.0771
3.7650  0.0000  0.0000  0.0000  0.0000  0.0000  0.0000  0.0000  0.0000  0.0762
3.7750  0.0000  0.0000  0.0000  0.0000  0.0000  0.0000  0.0000  0.0000  0.0753
3.7850  0.0000  0.0000  0.0000  0.0000  0.0000  0.0000  0.0000  0.0000  0.0745
3.7950  0.0000  0.0000  0.0000  0.0000  0.0000  0.0000  0.0000  0.0000  0.0736
3.8050  0.0000  0.0000  0.0000  0.0000  0.0000  0.0000  0.0000  0.0000  0.0727
3.8150  0.0000  0.0000  0.0000  0.0000  0.0000  0.0000  0.0000  0.0000  0.0719
3.8250  0.0000  0.0000  0.0000  0.0000  0.0000  0.0000  0.0000  0.0000  0.0710
3.8350  0.0000  0.0000  0.0000  0.0000  0.0000  0.0000  0.0000  0.0000  0.0702
3.8450  0.0000  0.0000  0.0000  0.0000  0.0000  0.0000  0.0000  0.0000  0.0694
3.8550  0.0000  0.0000  0.0000  0.0000  0.0000  0.0000  0.0000  0.0000  0.0686
3.8650  0.0000  0.0000  0.0000  0.0000  0.0000  0.0000  0.0000  0.0000  0.0678
3.8750  0.0000  0.0000  0.0000  0.0000  0.0000  0.0000  0.0000  0.0000  0.0670
3.8850  0.0000  0.0000  0.0000  0.0000  0.0000  0.0000  0.0000  0.0000  0.0662
3.8950  0.0000  0.0000  0.0000  0.0000  0.0000  0.0000  0.0000  0.0000  0.0654
3.9050  0.0000  0.0000  0.0000  0.0000  0.0000  0.0000  0.0000  0.0000  0.0646
3.9150  0.0000  0.0000  0.0000  0.0000  0.0000  0.0000  0.0000  0.0000  0.0639
3.9250  0.0000  0.0000  0.0000  0.0000  0.0000  0.0000  0.0000  0.0000  0.0631
3.9350  0.0000  0.0000  0.0000  0.0000  0.0000  0.0000  0.0000  0.0000  0.0624
3.9450  0.0000  0.0000  0.0000  0.0000  0.0000  0.0000  0.0000  0.0000  0.0617
3.9550  0.0000  0.0000  0.0000  0.0000  0.0000  0.0000  0.0000  0.0000  0.0609
3.9650  0.0000  0.0000  0.0000  0.0000  0.0000  0.0000  0.0000  0.0000  0.0602
3.9750  0.0000  0.0000  0.0000  0.0000  0.0000  0.0000  0.0000  0.0000  0.0595
3.9850  0.0000  0.0000  0.0000  0.0000  0.0000  0.0000  0.0000  0.0000  0.0588
3.9950  0.0000  0.0000  0.0000  0.0000  0.0000  0.0000  0.0000  0.0000  0.0581
4.0050  0.0000  0.0000  0.0000  0.0000  0.0000  0.0000  0.0000  0.0000  0.0574
4.0150  0.0000  0.0000  0.0000  0.0000  0.0000  0.0000  0.0000  0.0000  0.0567
4.0250  0.0000  0.0000  0.0000  0.0000  0.0000  0.0000  0.0000  0.0000  0.0561
4.0350  0.0000  0.0000  0.0000  0.0000  0.0000  0.0000  0.0000  0.0000  0.0554
4.0450  0.0000  0.0000  0.0000  0.0000  0.0000  0.0000  0.0000  0.0000  0.0547
4.0550  0.0000  0.0000  0.0000  0.0000  0.0000  0.0000  0.0000  0.0000  0.0541
4.0650  0.0000  0.0000  0.0000  0.0000  0.0000  0.0000  0.0000  0.0000  0.0535
4.0750  0.0000  0.0000  0.0000  0.0000  0.0000  0.0000  0.0000  0.0000  0.0528
4.0850  0.0000  0.0000  0.0000  0.0000  0.0000  0.0000  0.0000  0.0000  0.0522
4.0950  0.0000  0.0000  0.0000  0.0000  0.0000  0.0000  0.0000  0.0000  0.0516
4.1050  0.0000  0.0000  0.0000  0.0000  0.0000  0.0000  0.0000  0.0000  0.0510
4.1150  0.0000  0.0000  0.0000  0.0000  0.0000  0.0000  0.0000  0.0000  0.0503
4.1250  0.0000  0.0000  0.0000  0.0000  0.0000  0.0000  0.0000  0.0000  0.0498
4.1350  0.0000  0.0000  0.0000  0.0000  0.0000  0.0000  0.0000  0.0000  0.0492
4.1450  0.0000  0.0000  0.0000  0.0000  0.0000  0.0000  0.0000  0.0000  0.0486
4.1550  0.0000  0.0000  0.0000  0.0000  0.0000  0.0000  0.0000  0.0000  0.0480
4.1650  0.0000  0.0000  0.0000  0.0000  0.0000  0.0000  0.0000  0.0000  0.0474
4.1750  0.0000  0.0000  0.0000  0.0000  0.0000  0.0000  0.0000  0.0000  0.0469
4.1850  0.0000  0.0000  0.0000  0.0000  0.0000  0.0000  0.0000  0.0000  0.0463
4.1950  0.0000  0.0000  0.0000  0.0000  0.0000  0.0000  0.0000  0.0000  0.0457
4.2050  0.0000  0.0000  0.0000  0.0000  0.0000  0.0000  0.0000  0.0000  0.0452
4.2150  0.0000  0.0000  0.0000  0.0000  0.0000  0.0000  0.0000  0.0000  0.0447
4.2250  0.0000  0.0000  0.0000  0.0000  0.0000  0.0000  0.0000  0.0000  0.0441
4.2350  0.0000  0.0000  0.0000  0.0000  0.0000  0.0000  0.0000  0.0000  0.0436
4.2450  0.0000  0.0000  0.0000  0.0000  0.0000  0.0000  0.0000  0.0000  0.0431
4.2550  0.0000  0.0000  0.0000  0.0000  0.0000  0.0000  0.0000  0.0000  0.0425
4.2650  0.0000  0.0000  0.0000  0.0000  0.0000  0.0000  0.0000  0.0000  0.0420
4.2750  0.0000  0.0000  0.0000  0.0000  0.0000  0.0000  0.0000  0.0000  0.0415
4.2850  0.0000  0.0000  0.0000  0.0000  0.0000  0.0000  0.0000  0.0000  0.0410
4.2950  0.0000  0.0000  0.0000  0.0000  0.0000  0.0000  0.0000  0.0000  0.0405
4.3050  0.0000  0.0000  0.0000  0.0000  0.0000  0.0000  0.0000  0.0000  0.0401
4.3150  0.0000  0.0000  0.0000  0.0000  0.0000  0.0000  0.0000  0.0000  0.0396
4.3250  0.0000  0.0000  0.0000  0.0000  0.0000  0.0000  0.0000  0.0000  0.0391
4.3350  0.0000  0.0000  0.0000  0.0000  0.0000  0.0000  0.0000  0.0000  0.0386
4.3450  0.0000  0.0000  0.0000  0.0000  0.0000  0.0000  0.0000  0.0000  0.0382
4.3550  0.0000  0.0000  0.0000  0.0000  0.0000  0.0000  0.0000  0.0000  0.0377
4.3650  0.0000  0.0000  0.0000  0.0000  0.0000  0.0000  0.0000  0.0000  0.0372
4.3750  0.0000  0.0000  0.0000  0.0000  0.0000  0.0000  0.0000  0.0000  0.0368
4.3850  0.0000  0.0000  0.0000  0.0000  0.0000  0.0000  0.0000  0.0000  0.0364
4.3950  0.0000  0.0000  0.0000  0.0000  0.0000  0.0000  0.0000  0.0000  0.0359
4.4050  0.0000  0.0000  0.0000  0.0000  0.0000  0.0000  0.0000  0.0000  0.0355
4.4150  0.0000  0.0000  0.0000  0.0000  0.0000  0.0000  0.0000  0.0000  0.0350
4.4250  0.0000  0.0000  0.0000  0.0000  0.0000  0.0000  0.0000  0.0000  0.0346
4.4350  0.0000  0.0000  0.0000  0.0000  0.0000  0.0000  0.0000  0.0000  0.0342
4.4450  0.0000  0.0000  0.0000  0.0000  0.0000  0.0000  0.0000  0.0000  0.0338
4.4550  0.0000  0.0000  0.0000  0.0000  0.0000  0.0000  0.0000  0.0000  0.0334
4.4650  0.0000  0.0000  0.0000  0.0000  0.0000  0.0000  0.0000  0.0000  0.0330
4.4750  0.0000  0.0000  0.0000  0.0000  0.0000  0.0000  0.0000  0.0000  0.0326
4.4850  0.0000  0.0000  0.0000  0.0000  0.0000  0.0000  0.0000  0.0000  0.0322
4.4950  0.0000  0.0000  0.0000  0.0000  0.0000  0.0000  0.0000  0.0000  0.0318
4.5050  0.0000  0.0000  0.0000  0.0000  0.0000  0.0000  0.0000  0.0000  0.0314
4.5150  0.0000  0.0000  0.0000  0.0000  0.0000  0.0000  0.0000  0.0000  0.0310
4.5250  0.0000  0.0000  0.0000  0.0000  0.0000  0.0000  0.0000  0.0000  0.0306
4.5350  0.0000  0.0000  0.0000  0.0000  0.0000  0.0000  0.0000  0.0000  0.0303
4.5450  0.0000  0.0000  0.0000  0.0000  0.0000  0.0000  0.0000  0.0000  0.0299
4.5550  0.0000  0.0000  0.0000  0.0000  0.0000  0.0000  0.0000  0.0000  0.0295
4.5650  0.0000  0.0000  0.0000  0.0000  0.0000  0.0000  0.0000  0.0000  0.0292
4.5750  0.0000  0.0000  0.0000  0.0000  0.0000  0.0000  0.0000  0.0000  0.0288
4.5850  0.0000  0.0000  0.0000  0.0000  0.0000  0.0000  0.0000  0.0000  0.0285
4.5950  0.0000  0.0000  0.0000  0.0000  0.0000  0.0000  0.0000  0.0000  0.0281
4.6050  0.0000  0.0000  0.0000  0.0000  0.0000  0.0000  0.0000  0.0000  0.0278
4.6150  0.0000  0.0000  0.0000  0.0000  0.0000  0.0000  0.0000  0.0000  0.0274
4.6250  0.0000  0.0000  0.0000  0.0000  0.0000  0.0000  0.0000  0.0000  0.0271
4.6350  0.0000  0.0000  0.0000  0.0000  0.0000  0.0000  0.0000  0.0000  0.0268
4.6450  0.0000  0.0000  0.0000  0.0000  0.0000  0.0000  0.0000  0.0000  0.0265
4.6550  0.0000  0.0000  0.0000  0.0000  0.0000  0.0000  0.0000  0.0000  0.0261
4.6650  0.0000  0.0000  0.0000  0.0000  0.0000  0.0000  0.0000  0.0000  0.0258
4.6750  0.0000  0.0000  0.0000  0.0000  0.0000  0.0000  0.0000  0.0000  0.0255
4.6850  0.0000  0.0000  0.0000  0.0000  0.0000  0.0000  0.0000  0.0000  0.0252
4.6950  0.0000  0.0000  0.0000  0.0000  0.0000  0.0000  0.0000  0.0000  0.0249
4.7050  0.0000  0.0000  0.0000  0.0000  0.0000  0.0000  0.0000  0.0000  0.0246
4.7150  0.0000  0.0000  0.0000  0.0000  0.0000  0.0000  0.0000  0.0000  0.0243
4.7250  0.0000  0.0000  0.0000  0.0000  0.0000  0.0000  0.0000  0.0000  0.0240
4.7350  0.0000  0.0000  0.0000  0.0000  0.0000  0.0000  0.0000  0.0000  0.0237
4.7450  0.0000  0.0000  0.0000  0.0000  0.0000  0.0000  0.0000  0.0000  0.0234
4.7550  0.0000  0.0000  0.0000  0.0000  0.0000  0.0000  0.0000  0.0000  0.0231
4.7650  0.0000  0.0000  0.0000  0.0000  0.0000  0.0000  0.0000  0.0000  0.0228
4.7750  0.0000  0.0000  0.0000  0.0000  0.0000  0.0000  0.0000  0.0000  0.0225
4.7850  0.0000  0.0000  0.0000  0.0000  0.0000  0.0000  0.0000  0.0000  0.0223
4.7950  0.0000  0.0000  0.0000  0.0000  0.0000  0.0000  0.0000  0.0000  0.0220
4.8050  0.0000  0.0000  0.0000  0.0000  0.0000  0.0000  0.0000  0.0000  0.0217
4.8150  0.0000  0.0000  0.0000  0.0000  0.0000  0.0000  0.0000  0.0000  0.0214
4.8250  0.0000  0.0000  0.0000  0.0000  0.0000  0.0000  0.0000  0.0000  0.0212
4.8350  0.0000  0.0000  0.0000  0.0000  0.0000  0.0000  0.0000  0.0000  0.0209
4.8450  0.0000  0.0000  0.0000  0.0000  0.0000  0.0000  0.0000  0.0000  0.0207
4.8550  0.0000  0.0000  0.0000  0.0000  0.0000  0.0000  0.0000  0.0000  0.0204
4.8650  0.0000  0.0000  0.0000  0.0000  0.0000  0.0000  0.0000  0.0000  0.0202
4.8750  0.0000  0.0000  0.0000  0.0000  0.0000  0.0000  0.0000  0.0000  0.0199
4.8850  0.0000  0.0000  0.0000  0.0000  0.0000  0.0000  0.0000  0.0000  0.0197
4.8950  0.0000  0.0000  0.0000  0.0000  0.0000  0.0000  0.0000  0.0000  0.0194
4.9050  0.0000  0.0000  0.0000  0.0000  0.0000  0.0000  0.0000  0.0000  0.0192
4.9150  0.0000  0.0000  0.0000  0.0000  0.0000  0.0000  0.0000  0.0000  0.0189
4.9250  0.0000  0.0000  0.0000  0.0000  0.0000  0.0000  0.0000  0.0000  0.0187
4.9350  0.0000  0.0000  0.0000  0.0000  0.0000  0.0000  0.0000  0.0000  0.0185
4.9450  0.0000  0.0000  0.0000  0.0000  0.0000  0.0000  0.0000  0.0000  0.0182
4.9550  0.0000  0.0000  0.0000  0.0000  0.0000  0.0000  0.0000  0.0000  0.0180
4.9650  0.0000  0.0000  0.0000  0.0000  0.0000  0.0000  0.0000  0.0000  0.0178
4.9750  0.0000  0.0000  0.0000  0.0000  0.0000  0.0000  0.0000  0.0000  0.0176
4.9850  0.0000  0.0000  0.0000  0.0000  0.0000  0.0000  0.0000  0.0000  0.0174
4.9950  0.0000  0.0000  0.0000  0.0000  0.0000  0.0000  0.0000  0.0000  0.0171
